Matrix: A1{
             211.000               13.000               -1.000               -2.000 
              13.000             -211.000              -10.000               -4.000 
              -1.000              -10.000              204.000              -14.000 
              -2.000               -4.000              -14.000              206.000 
}
Matrix: y1{
              11.255 
               1.406 
               2.407 
             -11.274 
}
Matrix: b1{
            2413.231 
            -129.259 
             623.551 
           -2384.239 
}


Matrix: A2{
        11826050.000         29812595.000        340788511.000       3317747111.000       -301845345.000       -369454621.000      -3315811367.000        -34412181.000 
        29812595.000        297107031.000       3291930436.000      32892295025.000      -1793637586.000      -3113642232.000     -33277039182.000        195274372.000 
       340788511.000       3291930436.000      38796689430.000     387460806452.000     -23167467022.000     -35534616382.000    -393621720746.000       3489856646.000 
      3317747111.000      32892295025.000     387460806452.000    3870420877615.000    -230015365766.000    -354457995236.000   -3932289755926.000      35349218632.000 
      -301845345.000      -1793637586.000     -23167467022.000    -230015365766.000      43100496002.000      19508486222.000     238765981182.000      -3982412542.000 
      -369454621.000      -3113642232.000     -35534616382.000    -354457995236.000      19508486222.000      33539605735.000     358756900279.000      -2131512557.000 
     -3315811367.000     -33277039182.000    -393621720746.000   -3932289755926.000     238765981182.000     358756900279.000    3997249818860.000     -37350692759.000 
       -34412181.000        195274372.000       3489856646.000      35349218632.000      -3982412542.000      -2131512557.000     -37350692759.000       1460420132.000 
}
Matrix: y2{
              -7.328 
             -10.285 
               2.976 
               5.573 
              -9.154 
               5.956 
              -8.030 
              -1.480 
}
Matrix: b2{
     46351373357.393 
    454643083591.714 
   5394612950733.640 
  53880121926872.656 
  -3519983209136.913 
  -4903025904855.250 
 -54812496542786.664 
    527167857568.820 
}
------------------------------------
    LUP decomposition for A1: 
    Matrix: L1{
               1.000                0.000                0.000                0.000 
               0.062                1.000                0.000                0.000 
              -0.005                0.047                1.000                0.000 
              -0.009                0.018               -0.068                1.000 
}
    Matrix: U1{
             211.000               13.000               -1.000               -2.000 
               0.000             -211.801               -9.938               -3.877 
               0.000                0.000              204.462              -13.828 
               0.000                0.000                0.000              205.117 
}
    Matrix: P1{
               0.000 
               1.000 
               2.000 
               3.000 
}
    LUP decomposition for A2 
    Matrix: L2{
               1.000                0.000                0.000                0.000                0.000                0.000                0.000                0.000 
               9.914                1.000                0.000                0.000                0.000                0.000                0.000                0.000 
             116.784               10.079                1.000                0.000                0.000                0.000                0.000                0.000 
            1166.581              101.856                9.925                1.000                0.000                0.000                0.000                0.000 
             -69.329               18.496               -7.063              196.280                1.000                0.000                0.000                0.000 
            -106.837              -10.626               -0.092              -11.715               -0.117                1.000                0.000                0.000 
           -1185.229              -99.252              -11.730               32.560                0.224               -0.917                1.000                0.000 
              10.655               -0.639                0.985              -13.639               -0.127                0.991                0.189                1.000 
}
    Matrix: U2{
      3317747111.000       -301845345.000      -3315811367.000       -369454621.000         11826050.000        340788511.000         29812595.000        -34412181.000 
               0.000       1198870826.334       -403935210.631        549147602.702        -87431399.966        -86662286.688          1543614.804        536438291.984 
               0.000                0.000      -2315744741.000       2077067146.803       -159093752.764       -128598629.739       -205270877.590       2101936298.567 
               0.000                0.000                0.000         -8111328.162          6101004.560          6784277.557         -6402689.685         -7370591.370 
              -0.000                0.000                0.000                0.000       -186025384.895       -178034468.868         51595530.654          2509259.585 
               0.000                0.000                0.000                0.000                0.000           105446.278           -37549.433             1914.165 
               0.000                0.000                0.000                0.000                0.000                0.000             -337.454              164.982 
               0.000                0.000                0.000                0.000                0.000                0.000                0.000                0.000 
}
    Matrix: P2{
               3.000 
               4.000 
               6.000 
               5.000 
               0.000 
               2.000 
               1.000 
               7.000 
}
    ------------------------------------------------------------------------
    LDLt decomposition for A1: 
    Matrix: L1{
               1.000                0.000                0.000                0.000 
               0.062                1.000                0.000                0.000 
              -0.005                0.047                1.000                0.000 
              -0.009                0.018               -0.068                1.000 
}
    Matrix: D1{
             211.000                0.000                0.000                0.000 
               0.000             -211.801                0.000                0.000 
               0.000                0.000              204.462                0.000 
               0.000                0.000                0.000              205.117 
}
    Matrix: L1t{
               1.000                0.062               -0.005               -0.009 
               0.000                1.000                0.047                0.018 
               0.000                0.000                1.000               -0.068 
               0.000                0.000                0.000                1.000 
}
    LDLt decomposition for A2 
    Matrix: L2{
               1.000                0.000                0.000                0.000                0.000                0.000                0.000                0.000 
               2.521                1.000                0.000                0.000                0.000                0.000                0.000                0.000 
              28.817               10.961                1.000                0.000                0.000                0.000                0.000                0.000 
             280.546              110.513                9.955                1.000                0.000                0.000                0.000                0.000 
             -25.524               -4.653               -1.364              104.782                1.000                0.000                0.000                0.000 
             -31.241               -9.832               -0.419               -1.724               -0.107                1.000                0.000                0.000 
            -280.382             -112.268              -10.798               12.681                0.215               -0.918                1.000                0.000 
              -2.910                1.271                0.602               -2.741               -0.117                0.991                0.189                1.000 
}
    Matrix: D2{
        11826050.000                0.000                0.000                0.000                0.000                0.000                0.000                0.000 
               0.000        221951689.983                0.000                0.000                0.000                0.000                0.000                0.000 
               0.000                0.000       2309871666.497                0.000                0.000                0.000                0.000                0.000 
               0.000                0.000                0.000          1426387.061                0.000                0.000                0.000                0.000 
               0.000                0.000                0.000                0.000      10635847745.338                0.000                0.000                0.000 
               0.000                0.000                0.000                0.000                0.000          9364218.282                0.000                0.000 
               0.000                0.000                0.000                0.000                0.000                0.000              574.181                0.000 
               0.000                0.000                0.000                0.000                0.000                0.000                0.000                0.000 
}
    Matrix: L2t{
               1.000                2.521               28.817              280.546              -25.524              -31.241             -280.382               -2.910 
               0.000                1.000               10.961              110.513               -4.653               -9.832             -112.268                1.271 
               0.000                0.000                1.000                9.955               -1.364               -0.419              -10.798                0.602 
               0.000                0.000                0.000                1.000              104.782               -1.724               12.681               -2.741 
               0.000                0.000                0.000                0.000                1.000               -0.107                0.215               -0.117 
               0.000                0.000                0.000                0.000                0.000                1.000               -0.918                0.991 
               0.000                0.000                0.000                0.000                0.000                0.000                1.000                0.189 
               0.000                0.000                0.000                0.000                0.000                0.000                0.000                1.000 
}
    ------------------------------------------------------------------------
    A1 condition1.314e+00
    A2 condition 5.851e+17
    ------------------------------------------------------------------------
    relative difference norm to solve A1 by gauss 3.939e-17
    relative difference norm to solve A2 by gauss 6.792e-01
    ------------------------------------------------------------------------
    relative difference norm to solve A1 by LUP 3.939e-17
    relative difference norm to solve A2 by LUP 1.462e-01
    ------------------------------------------------------------------------
    relative difference norm to solve A1 by square_root 1.576e-16
    relative difference norm to solve A2 by square_root 3.033e+00
    ------------------------------------------------------------------------
    relative difference norm to solve A1 by relaxation 1.576e-16
    relative difference norm to solve A2 by relaxation 8.648e+00
    ------------------------------------